625.7960815429688
160.9319305419922
193.30934143066406
889.6574096679688
291.4286193847656
416.26715087890625
272.902587890625
1345.929931640625
724.212158203125
769.732177734375
515.1963500976562
105.2355728149414
544.3433837890625
533.0482177734375
297.0464782714844
336.0276184082031
442.9220886230469
102.60096740722656
413.7135925292969
649.331787109375
459.70068359375
232.10885620117188
343.5874328613281
175.20687866210938
329.7226257324219
203.88999938964844
1125.46240234375
501.4826354980469
440.7252502441406
424.88507080078125
228.84246826171875
1282.0230712890625
678.2678833007812
229.77462768554688
96.72152709960938
649.519775390625
606.2903442382812
400.12603759765625
874.156005859375
396.0217590332031
235.32168579101562
1288.890625
835.3499755859375
360.3587646484375
734.8192138671875
456.668212890625
360.0317687988281
343.32415771484375
1155.4423828125
417.6494445800781
890.7356567382812
1207.767578125
362.97528076171875
565.9490356445312
755.0363159179688
514.5046997070312
472.5513916015625
298.1923522949219
857.0108032226562
1273.3546142578125
385.15435791015625
1108.4715576171875
1172.7708740234375
905.0228271484375
582.5079345703125
1233.9903564453125
373.8094177246094
548.989501953125
387.0930480957031
385.7630615234375
112.22564697265625
